Τ_1,T_2,ΔΤ,ΔΗ
283.9,248,35.9,-128.6656
248,238,10,11.14
238,237,1,-9.059
237,230.01,6.99,237.48525
230.01,230,0.01,21829.6
230,227,3,101.925
227,155,72,-18195
155,145,10,-2611.8
145,139.4,5.6,333.15
139.4,135,4.4,258.49
135,125,10,-963.6
125,97.01,27.99,632.29
97.01,97,0.01,-417.83
97,85.65,11.35,256.4
85.65,75.65,10.,286.48
75.65,74.9,0.75,23.563
74.9,64.9,10.,356.11
64.9,56.97,7.93,321.14
56.97,54.75,2.22,81.434
54.75,45,9.75,883.14
45,35,10,296.04
35,25,10,-2910.6
